									
1	"경기장"	"Arena"	20000	1	-1	50	0	0	-1
48	"이벤트맵 광장"	"Eventmap_square"	20000	1	-1	503	1	44	-1
44	"로랜시장"	"Loren_Market"	10000	1	-1	333	2	17	-1
2	"로랜시아"	"Lorencia"	2000	1	-1	17	3	16	7
3	"노리아"	"Noria"	2000	10	-1	27	4	6	32
31	"엘베란드"	"Elbeland"	2000	1	-1	267	9	40	418
32	"엘베란드2"	"Elbeland2"	2500	1	-1	268	10	41	422
43	"엘베란드3"	"Elbeland3"	3000	1	-1	269	11	42	425
4	"데비아스"	"Devias"	2000	10	-1	22	5	11	24
5	"데비아스2"	"Devias2"	2500	10	-1	72	6	12	19
6	"데비아스3"	"Devias3"	3000	10	-1	73	7	13	20
7	"데비아스4"	"Devias4"	3500	10	-1	74	8	14	20
8	"던전"	"Dungeon"	3000	30	-1	2	12	8	11
9	"던전2"	"Dungeon2"	3500	40	-1	6	13	9	13
10	"던전3"	"Dungeon3"	4000	40	-1	10	14	10	8
11	"아틀란스"	"Atlans"	4000	50	220	49	15	33	45
12	"아틀란스2"	"Atlans2"	4500	80	250	75	23	37	52
13	"아틀란스3"	"Atlans3"	5000	90	300	76	24	38	48
14	"로스트타워"	"LostTower"	5000	70	-1	42	16	19	39
15	"로스트타워2"	"LostTower2"	5500	70	-1	31	17	20	34
16	"로스트타워3"	"LostTower3"	6000	90	-1	33	18	21	41
17	"로스트타워4"	"LostTower4"	6500	90	-1	35	19	22	37
18	"로스트타워5"	"LostTower5"	7000	90	-1	37	20	23	40
19	"로스트타워6"	"LostTower6"	7500	110	-1	39	21	24	35
20	"로스트타워7"	"LostTower7"	8000	120	-1	41	22	25	35
21	"타르칸"	"Tarkan"	8000	140	-1	57	25	62	57
22	"타르칸2"	"Tarkan2"	8500	160	-1	77	28	63	61
50	"페리아"	"Ferea"	500000	370	-1	509	40	64	730
25	"아이다1"	"Aida1"	85000	150	-1	119	26	30	306
27	"아이다2"	"Aida2"	85000	200	-1	140	37	31	550
23	"이카루스"	"Icarus"	10000	160	-1	63	29	45	70
28	"칸투르폐허1"	"Kanturu_ruin1"	90000	180	350	138	27	48	353
29	"칸투르폐허2"	"Kanturu_ruin2"	90000	200	250	141	30	49	350
45	"칸투르폐허3"	"Kanturu_ruin_island"	150000	280	-1	334	38	50	556
30	"칸투르유적"	"Kanturu_Remain"	120000	300	-1	139	33	47	360
46	"칼루탄1"	"Karutan1"	130000	240	-1	335	31	51	574
47	"칼루탄2"	"Karutan2"	140000	280	-1	344	36	52	576
34	"라클리온"	"Raklion"	150000	300	-1	287	39	15	458
51	"닉시스 호수"	"Nixies Lake"	1350000	430	-1	522	41	7	744
66	"옛 케트호툼"	"old Kethotum"	1550000	500	-1	648	42	43	893
33	"평온의늪"	"Swamp_of_Calmness"	15000	180	-1	273	35	65	449
49	"아케론"	"Akeron"	500000	300	-1	417	34	32	591
42	"불카누스"	"Vulcanus"	15000	200	-1	294	32	26	490
24	"로랜협곡"	"LorenDeep"	0	1	-1	104	56	18	-1
52	"깊은던전 1층"	"R-Dungeon1"	1150000	600	-1	561	43	1	767
53	"깊은던전 2층"	"R-Dungeon2"	1150000	600	-1	562	44	2	772
54	"깊은던전 3층"	"R-Dungeon3"	1150000	600	-1	563	45	3	773
55	"깊은던전 4층"	"R-Dungeon4"	1150000	600	-1	564	46	4	769
56	"깊은던전 5층"	"R-Dungeon5"	1150000	600	-1	565	47	5	777
57	"어둠의늪"	"SwampOfDarkness"	1150000	700	-1	567	48	39	788
58	"쿠베라 광산"	"KuberaMine"	1150000	750	-1	591	58	60	810
59	"아틀란스(심연)1"	"abyss_Atlans1"	2250000	800	-1	617	59	34	832
60	"아틀란스(심연)2"	"abyss_Atlans2"	2250000	800	-1	618	60	35	834
61	"아틀란스(심연)3"	"abyss_Atlans3"	2250000	800	-1	619	61	36	836
62	"스코치드 협곡"	"Scorched Canyon"	2250000	800	-1	620	62	28	846
63	"홍연의 이카루스"	"Red Smoke Icarus"	2250000	800	-1	631	63	66	861
64	"아르닐 신전"	"Arenil Temple"	3350000	810	-1	634	64	29	867
65	"잿빛의 아이다"	"Ashen Aida"	3350000	830	-1	643	65	46	875
67	"불타는 케트호툼"	"Blaze Kethotum"	5550000	860	-1	659	66	27	896
35	"칼리마1"	"Kalima1"	0	40	-1	88	49	53	160
36	"칼리마2"	"Kalima2"	0	131	-1	89	50	54	180
37	"칼리마3"	"Kalima3"	0	181	-1	90	51	55	188
38	"칼리마4"	"Kalima4"	0	231	-1	91	52	56	196
39	"칼리마5"	"Kalima5"	0	281	-1	92	53	57	266
40	"칼리마6"	"Kalima6"	0	331	-1	93	54	58	274
41	"칼리마7"	"Kalima7"	0	350	-1	116	55	59	337
